RealTimeMod:S01000T0
AutoZeroing...
-12.98  -0.48
-12.96  -0.25
-12.93  -0.33
-12.91  -0.27
-12.88  -0.27
-12.85  -0.48
-12.83  -0.35
-12.80  -0.55
-12.78  -0.25
-12.75  -0.64
-12.72  -0.41
-12.70  -0.79
-12.67  -0.55
-12.65  -0.88
-12.62  -0.55
-12.59  -0.73
-12.57  -0.63
-12.54  -0.73
-12.52  -0.83
-12.49  -0.78
-12.46  -1.00
-12.44  -0.85
-12.41  -1.02
-12.39  -0.70
-12.36  -0.98
-12.33  -0.70
-12.31  -1.02
-12.28  -0.79
-12.26  -1.00
-12.23  -0.80
-12.20  -1.05
-12.18  -1.12
-12.15  -1.01
-12.13  -1.08
-12.10  -1.21
-12.07  -1.08
-12.05  -0.90
-12.02  -1.18
-12.00  -1.02
-11.97  -1.15
-11.94  -1.20
-11.92  -1.43
-11.89  -1.24
-11.87  -1.35
-11.84  -1.23
-11.81  -1.25
-11.79  -1.18
-11.76  -1.29
-11.74  -1.33
-11.71  -1.25
-11.68  -1.28
-11.66  -1.20
-11.63  -1.25
-11.61  -1.28
-11.58  -1.35
-11.55  -1.58
-11.53  -1.44
-11.50  -1.38
-11.48  -1.25
-11.45  -1.28
-11.42  -1.23
-11.40  -1.25
-11.37  -1.42
-11.34  -1.18
-11.32  -1.23
-11.29  -1.18
-11.27  -1.33
-11.24  -1.27
-11.21  -1.40
-11.19  -1.23
-11.16  -1.30
-11.14  -1.35
-11.11  -1.42
-11.08  -1.41
-11.06  -1.48
-11.03  -1.53
-11.01  -1.40
-10.98  -1.50
-10.95  -1.27
-10.93  -1.53
-10.90  -1.35
-10.88  -1.65
-10.85  -1.50
-10.82  -1.81
-10.80  -1.41
-10.77  -1.42
-10.75  -1.35
-10.72  -1.23
-10.69  -1.43
-10.67  -1.64
-10.64  -1.85
-10.62  -1.48
-10.59  -1.75
-10.56  -1.45
-10.54  -1.68
-10.51  -1.35
-10.49  -1.55
-10.46  -1.52
-10.43  -1.70
-10.41  -1.50
-10.38  -1.53
-10.36  -1.50
-10.33  -1.45
-10.30  -1.63
-10.28  -1.39
-10.25  -1.68
-10.23  -1.46
-10.20  -1.87
-10.17  -1.45
-10.15  -1.73
-10.12  -1.45
-10.10  -1.62
-10.07  -1.44
-10.04  -1.60
-10.02  -1.65
-9.99  -1.68
-9.97  -1.70
-9.94  -1.51
-9.91  -1.65
-9.89  -1.50
-9.86  -1.76
-9.84  -1.42
-9.81  -1.68
-9.78  -1.53
-9.76  -1.78
-9.73  -1.50
-9.71  -1.65
-9.68  -1.55
-9.65  -1.80
-9.63  -1.68
-9.60  -1.65
-9.58  -1.73
-9.55  -1.67
-9.52  -1.83
-9.50  -1.73
-9.47  -1.83
-9.45  -1.68
-9.42  -1.93
-9.39  -1.74
-9.37  -1.85
-9.34  -1.75
-9.32  -1.90
-9.29  -1.68
-9.26  -1.66
-9.24  -1.63
-9.21  -1.88
-9.19  -1.75
-9.16  -1.62
-9.13  -1.65
-9.11  -1.76
-9.08  -1.68
-9.06  -1.65
-9.03  -1.75
-9.00  -1.52
-8.98  -1.59
-8.95  -1.60
-8.93  -1.75
-8.90  -1.73
-8.87  -1.74
-8.85  -1.62
-8.82  -1.85
-8.80  -1.68
-8.77  -1.83
-8.74  -1.67
-8.72  -1.80
-8.69  -1.68
-8.67  -1.85
-8.64  -1.85
-8.61  -1.85
-8.59  -2.15
-8.56  -2.00
-8.54  -1.65
-8.51  -1.48
-8.48  -1.83
-8.46  -1.58
-8.43  -1.80
-8.41  -1.62
-8.38  -1.80
-8.35  -1.48
-8.33  -1.87
-8.30  -1.69
-8.28  -1.85
-8.25  -1.80
-8.22  -1.68
-8.20  -1.83
-8.17  -1.68
-8.15  -1.90
-8.12  -1.68
-8.09  -1.99
-8.07  -1.64
-8.04  -2.15
-8.02  -1.85
-7.99  -2.15
-7.96  -1.78
-7.94  -2.02
-7.91  -1.89
-7.89  -1.88
-7.86  -1.90
-7.83  -1.55
-7.81  -1.81
-7.78  -1.50
-7.76  -1.90
-7.73  -1.60
-7.70  -2.08
-7.68  -1.70
-7.65  -2.11
-7.63  -1.71
-7.60  -2.10
-7.57  -1.78
-7.55  -1.90
-7.52  -1.88
-7.50  -1.80
-7.47  -1.91
-7.44  -1.73
-7.42  -2.05
-7.39  -1.65
-7.37  -2.08
-7.34  -1.59
-7.31  -2.08
-7.29  -1.73
-7.26  -2.08
-7.24  -1.74
-7.21  -2.02
-7.18  -1.92
-7.16  -1.94
-7.13  -1.98
-7.11  -1.83
-7.08  -2.03
-7.05  -1.63
-7.03  -1.98
-7.00  -1.73
-6.98  -2.08
-6.95  -1.68
-6.92  -1.99
-6.90  -1.70
-6.87  -1.78
-6.85  -1.64
-6.82  -1.89
-6.79  -1.98
-6.77  -1.98
-6.74  -1.95
-6.72  -1.85
-6.69  -2.02
-6.66  -1.73
-6.64  -2.08
-6.61  -1.80
-6.59  -2.04
-6.56  -1.83
-6.53  -2.12
-6.51  -1.98
-6.48  -1.98
-6.46  -1.98
-6.43  -1.85
-6.40  -1.88
-6.38  -1.98
-6.35  -1.94
-6.33  -1.83
-6.30  -1.98
-6.27  -2.10
-6.25  -1.94
-6.22  -1.90
-6.20  -1.99
-6.17  -1.88
-6.14  -1.86
-6.12  -1.90
-6.09  -1.91
-6.07  -1.90
-6.04  -2.03
-6.01  -2.00
-5.99  -1.95
-5.96  -1.85
-5.93  -2.04
-5.91  -1.93
-5.88  -2.01
-5.86  -1.85
-5.83  -1.98
-5.80  -1.90
-5.78  -2.03
-5.75  -1.92
-5.73  -2.12
-5.70  -2.00
-5.67  -2.00
-5.65  -1.94
-5.62  -1.80
-5.60  -2.00
-5.57  -2.01
-5.54  -2.12
-5.52  -1.89
-5.49  -2.17
-5.47  -2.00
-5.44  -2.18
-5.41  -1.98
-5.39  -1.98
-5.36  -2.06
-5.34  -2.05
-5.31  -2.16
-5.28  -1.85
-5.26  -1.95
-5.23  -1.80
-5.21  -2.25
-5.18  -1.88
-5.15  -2.10
-5.13  -1.92
-5.10  -2.09
-5.08  -1.90
-5.05  -2.08
-5.02  -1.95
-5.00  -1.99
-4.97  -1.98
-4.95  -1.90
-4.92  -2.09
-4.89  -1.83
-4.87  -2.10
-4.84  -1.76
-4.82  -2.13
-4.79  -1.83
-4.76  -2.23
-4.74  -1.91
-4.71  -2.10
-4.69  -1.96
-4.66  -2.02
-4.63  -1.98
-4.61  -2.05
-4.58  -2.25
-4.56  -1.95
-4.53  -2.14
-4.50  -1.85
-4.48  -2.15
-4.45  -1.85
-4.43  -2.10
-4.40  -1.78
-4.37  -2.02
-4.35  -1.89
-4.32  -1.95
-4.30  -1.90
-4.27  -1.93
-4.24  -2.00
-4.22  -1.93
-4.19  -1.99
-4.17  -1.70
-4.14  -2.10
-4.11  -1.90
-4.09  -2.10
-4.06  -1.85
-4.04  -1.85
-4.01  -1.64
-3.98  -1.85
-3.96  -1.85
-3.93  -1.89
-3.91  -1.93
-3.88  -1.85
-3.85  -2.04
-3.83  -1.85
-3.80  -1.77
-3.78  -1.75
-3.75  -1.79
-3.72  -1.66
-3.70  -1.73
-3.67  -1.73
-3.65  -1.49
-3.62  -1.33
-3.59  -1.25
-3.57  -1.24
-3.54  -1.08
-3.52  -0.89
-3.49  -0.73
-3.46  -0.52
-3.44  -0.35
-3.41  -0.00
-3.39  0.16
-3.36  0.61
-3.33  0.86
-3.31  1.52
-3.28  2.02
-3.26  2.51
-3.23  3.00
-3.20  3.50
-3.18  4.10
-3.15  4.80
-3.13  5.80
-3.10  6.31
-3.07  7.37
-3.05  8.13
-3.02  9.41
-3.00  10.13
-2.97  11.38
-2.94  12.30
-2.92  14.17
-2.89  15.84
-2.87  17.47
-2.84  18.82
-2.81  20.06
-2.79  21.65
-2.76  23.03
-2.74  25.08
-2.71  26.19
-2.68  28.15
-2.66  28.98
-2.63  30.65
-2.61  31.70
-2.58  33.25
-2.55  34.05
-2.53  35.28
-2.50  36.37
-2.48  37.37
-2.45  38.56
-2.42  39.11
-2.40  40.07
-2.37  40.08
-2.35  40.65
-2.32  40.42
-2.29  40.81
-2.27  40.00
-2.24  40.16
-2.22  39.22
-2.19  38.55
-2.16  37.47
-2.14  36.44
-2.11  35.45
-2.09  34.17
-2.06  33.44
-2.03  31.84
-2.01  30.65
-1.98  29.05
-1.96  28.10
-1.93  26.12
-1.90  25.22
-1.88  23.58
-1.85  22.47
-1.83  21.20
-1.80  20.14
-1.77  18.87
-1.75  17.53
-1.72  16.60
-1.70  15.15
-1.67  14.14
-1.64  12.77
-1.62  12.22
-1.59  11.00
-1.57  10.58
-1.54  9.38
-1.51  9.02
-1.49  7.92
-1.46  7.50
-1.44  6.85
-1.41  6.19
-1.38  5.79
-1.36  5.12
-1.33  4.95
-1.31  4.31
-1.28  4.17
-1.25  3.64
-1.23  3.48
-1.20  3.07
-1.18  3.10
-1.15  2.67
-1.12  2.62
-1.10  2.35
-1.07  2.15
-1.05  1.97
-1.02  1.77
-0.99  1.85
-0.97  1.72
-0.94  1.77
-0.92  1.60
-0.89  1.57
-0.86  1.46
-0.84  1.59
-0.81  1.55
-0.79  1.50
-0.76  1.40
-0.73  1.42
-0.71  1.55
-0.68  1.77
-0.66  1.79
-0.63  1.72
-0.60  1.80
-0.58  1.83
-0.55  1.87
-0.52  1.95
-0.50  1.77
-0.47  1.99
-0.45  1.90
-0.42  2.10
-0.39  1.98
-0.37  2.17
-0.34  2.15
-0.32  2.22
-0.29  2.25
-0.26  2.25
-0.24  2.37
-0.21  2.20
-0.19  2.35
-0.16  2.12
-0.13  2.20
-0.11  1.98
-0.08  2.15
-0.06  1.97
-0.03  2.12
-0.00  1.84
0.02  1.89
0.05  2.02
0.07  1.82
0.10  1.95
0.13  1.65
0.15  1.77
0.18  1.41
0.20  1.65
0.23  1.10
0.26  1.39
0.28  1.22
0.31  1.25
0.33  0.94
0.36  0.75
0.39  0.74
0.41  0.50
0.44  0.52
0.46  0.20
0.49  0.47
0.52  0.06
0.54  0.32
0.57  -0.03
0.59  0.16
0.62  -0.20
0.65  -0.06
0.67  -0.31
0.70  -0.33
0.72  -0.38
0.75  -0.45
0.78  -0.45
0.80  -0.68
0.83  -0.48
0.85  -0.88
0.88  -0.78
0.91  -1.08
0.93  -0.73
0.96  -1.08
0.98  -1.08
1.01  -1.23
1.04  -1.00
1.06  -1.09
1.09  -1.09
1.11  -1.15
1.14  -1.30
1.17  -1.25
1.19  -1.35
1.22  -1.10
1.24  -1.35
1.27  -1.06
1.30  -1.30
1.32  -1.17
1.35  -1.33
1.37  -1.28
1.40  -1.37
1.43  -1.35
1.45  -1.33
1.48  -1.36
1.50  -1.40
1.53  -1.42
1.56  -1.28
1.58  -1.27
1.61  -1.24
1.63  -1.36
1.66  -1.37
1.69  -1.35
1.71  -1.34
1.74  -1.28
1.76  -1.41
1.79  -1.38
1.82  -1.36
1.84  -1.42
1.87  -1.42
1.89  -1.51
1.92  -1.42
1.95  -1.53
1.97  -1.35
2.00  -1.55
2.02  -1.38
2.05  -1.55
2.08  -1.48
2.10  -1.58
2.13  -1.35
2.15  -1.40
2.18  -1.53
2.21  -1.48
2.23  -1.44
2.26  -1.30
2.28  -1.68
2.31  -1.37
2.34  -1.63
2.36  -1.33
2.39  -1.80
2.41  -1.38
2.44  -1.69
2.47  -1.52
2.49  -1.42
2.52  -1.50
2.54  -1.43
2.57  -1.62
2.60  -1.35
2.62  -1.65
2.65  -1.15
2.67  -1.64
2.70  -1.24
2.73  -1.75
2.75  -1.35
2.78  -1.68
2.80  -1.45
2.83  -1.60
2.86  -1.60
2.88  -1.48
2.91  -1.61
2.93  -1.35
2.96  -1.68
2.99  -1.44
3.01  -1.85
3.04  -1.48
3.06  -1.88
3.09  -1.38
3.12  -1.73
3.14  -1.48
3.17  -1.83
3.19  -1.81
3.22  -1.79
3.25  -1.79
3.27  -1.58
3.30  -1.81
3.32  -1.45
3.35  -1.85
3.38  -1.48
3.40  -1.94
3.43  -1.40
3.45  -1.90
3.48  -1.52
3.51  -1.83
3.53  -1.73
3.56  -1.93
3.58  -1.83
3.61  -1.64
3.64  -2.00
3.66  -1.75
3.69  -1.86
3.71  -1.59
3.74  -1.98
3.77  -1.53
3.79  -1.93
3.82  -1.78
3.84  -2.06
3.87  -1.80
3.90  -1.95
3.92  -1.80
3.95  -1.75
3.97  -1.78
4.00  -1.75
4.03  -1.89
4.05  -1.85
4.08  -1.98
4.10  -1.77
4.13  -2.03
4.16  -1.87
4.18  -2.05
4.21  -1.90
4.23  -2.08
4.26  -1.98
4.29  -1.98
4.31  -2.02
4.34  -2.02
4.36  -2.00
4.39  -2.00
4.42  -2.14
4.44  -2.02
4.47  -2.12
4.49  -2.01
4.52  -2.05
4.55  -2.09
4.57  -2.09
4.60  -2.08
4.62  -2.10
4.65  -2.21
4.68  -2.18
4.70  -2.16
4.73  -2.15
4.75  -2.08
4.78  -2.08
4.81  -2.02
4.83  -2.08
4.86  -2.09
4.89  -2.10
4.91  -2.00
4.94  -2.15
4.96  -2.10
4.99  -2.21
5.02  -2.19
5.04  -2.15
5.07  -2.24
5.09  -2.10
5.12  -2.20
5.15  -2.03
5.17  -2.28
5.20  -2.12
5.22  -2.33
5.25  -2.15
5.28  -2.24
5.30  -2.12
5.33  -2.40
5.35  -2.24
5.38  -2.23
5.41  -2.28
5.43  -2.06
5.46  -2.24
5.48  -2.05
5.51  -2.40
5.54  -2.18
5.56  -2.43
5.59  -2.15
5.61  -2.44
5.64  -2.12
5.67  -2.30
5.69  -2.15
5.72  -2.20
5.74  -2.30
5.77  -2.19
5.80  -2.38
5.82  -2.08
5.85  -2.40
5.87  -2.08
5.90  -2.35
5.93  -2.15
5.95  -2.33
5.98  -2.13
6.00  -2.33
6.03  -2.20
6.06  -2.27
6.08  -2.23
6.11  -2.15
6.13  -2.37
6.16  -2.21
6.19  -2.44
6.21  -2.15
6.24  -2.35
6.26  -2.14
6.29  -2.50
6.32  -2.15
6.34  -2.25
6.37  -2.10
6.39  -2.20
6.42  -2.25
6.45  -2.30
6.47  -2.35
6.50  -2.10
6.52  -2.30
6.55  -2.18
6.58  -2.48
6.60  -2.20
6.63  -2.27
6.65  -2.17
6.68  -2.33
6.71  -2.18
6.73  -2.25
6.76  -2.20
6.78  -2.30
6.81  -2.45
6.84  -2.35
6.86  -2.33
6.89  -2.25
6.91  -2.43
6.94  -2.35
6.97  -2.33
6.99  -2.46
7.02  -2.37
7.04  -2.35
7.07  -2.29
7.10  -2.46
7.12  -2.31
7.15  -2.40
7.17  -2.35
7.20  -2.45
7.23  -2.34
7.25  -2.33
7.28  -2.45
7.30  -2.37
7.33  -2.33
7.36  -2.33
7.38  -2.35
7.41  -2.27
7.43  -2.40
7.46  -2.30
7.49  -2.46
7.51  -2.40
7.54  -2.43
7.56  -2.40
7.59  -2.34
7.62  -2.50
7.64  -2.30
7.67  -2.63
7.69  -2.33
7.72  -2.60
7.75  -2.23
7.77  -2.36
7.80  -2.15
7.82  -2.40
7.85  -2.42
7.88  -2.45
7.90  -2.43
7.93  -2.35
7.95  -2.50
7.98  -2.23
8.01  -2.60
8.03  -2.25
8.06  -2.67
8.08  -2.35
8.11  -2.76
8.14  -2.25
8.16  -2.52
8.19  -2.45
8.21  -2.40
8.24  -2.38
8.27  -2.34
8.29  -2.65
8.32  -2.33
8.34  -2.61
8.37  -2.23
8.40  -2.65
8.42  -2.33
8.45  -2.65
8.47  -2.25
8.50  -2.45
8.53  -2.35
8.55  -2.59
8.58  -2.50
8.60  -2.48
8.63  -2.56
8.66  -2.35
8.68  -2.61
8.71  -2.23
8.73  -2.67
8.76  -2.25
8.79  -2.65
8.81  -2.37
8.84  -2.70
8.86  -2.33
8.89  -2.58
8.92  -2.35
8.94  -2.31
8.97  -2.30
8.99  -2.18
9.02  -2.30
9.05  -2.00
9.07  -2.33
9.10  -1.87
9.12  -2.17
9.15  -1.63
9.18  -1.81
9.20  -1.68
9.23  -2.04
9.25  -1.90
9.28  -2.00
9.31  -2.08
9.33  -2.05
9.36  -2.15
9.38  -2.12
9.41  -2.39
9.44  -2.30
9.46  -2.52
9.49  -2.25
9.51  -2.55
9.54  -2.30
9.57  -2.58
9.59  -2.45
9.62  -2.65
9.64  -2.65
9.67  -2.66
9.70  -2.59
9.72  -2.68
9.75  -2.70
9.77  -2.68
9.80  -2.88
9.83  -2.54
9.85  -2.73
9.88  -2.75
9.90  -2.75
9.93  -2.60
9.96  -2.69
9.98  -2.58
10.01  -2.74
10.03  -2.81
10.06  -2.95
10.09  -2.78
10.11  -2.80
10.14  -2.53
10.16  -2.60
10.19  -2.58
10.22  -2.80
10.24  -2.76
10.27  -2.76
10.30  -2.69
10.32  -2.58
10.35  -2.67
10.37  -2.67
10.40  -2.85
10.43  -2.70
10.45  -2.65
10.48  -2.48
10.50  -2.61
10.53  -2.43
10.56  -2.60
10.58  -2.40
10.61  -2.65
10.63  -2.52
10.66  -2.70
10.69  -2.58
10.71  -2.55
10.74  -2.65
10.76  -2.55
10.79  -2.73
10.82  -2.58
10.84  -2.77
10.87  -2.48
10.89  -2.77
10.92  -2.55
10.95  -2.80
10.97  -2.59
11.00  -2.68
11.02  -2.62
11.05  -2.65
11.08  -2.55
11.10  -2.55
11.13  -2.80
11.15  -2.52
11.18  -2.75
11.21  -2.38
11.23  -2.75
11.26  -2.48
11.28  -2.84
11.31  -2.55
11.34  -2.73
11.36  -2.59
11.39  -2.68
11.41  -2.67
11.44  -2.58
11.47  -2.64
11.49  -2.45
11.52  -2.70
11.54  -2.50
11.57  -2.67
11.60  -2.40
11.62  -2.83
11.65  -2.53
11.67  -2.87
11.70  -2.56
11.73  -2.75
11.75  -2.65
11.78  -2.73
11.80  -2.70
11.83  -2.77
11.86  -2.88
11.88  -2.65
11.91  -2.77
11.93  -2.55
11.96  -2.85
11.99  -2.58
12.01  -2.75
12.04  -2.50
12.06  -2.68
12.09  -2.50
12.12  -2.67
12.14  -2.60
12.17  -2.60
12.19  -2.73
12.22  -2.51
12.25  -2.62
12.27  -2.67
12.30  -2.70
12.32  -2.56
12.35  -2.70
12.38  -2.65
12.40  -2.71
12.43  -2.52
12.45  -2.60
12.48  -2.59
12.51  -2.62
12.53  -2.59
12.56  -2.58
12.58  -2.60
12.61  -2.62
12.64  -2.56
12.66  -2.62
12.69  -2.60
12.71  -2.65
12.74  -2.65
12.77  -2.80
12.79  -2.67
12.82  -2.63
12.84  -2.55
12.87  -2.71
12.90  -2.60
12.92  -2.68
12.95  -2.75
12.97  -2.78
13.00  -2.75
Inputonfig:
